# x1, x2, y
4.281270026420816444e-01 -3.807897898968111594e+00 0.000000000000000000e+00
-1.868701211568972287e+00 4.544706704050060608e+00 0.000000000000000000e+00
-1.682685534662812454e+00 4.523057458075895099e+00 0.000000000000000000e+00
2.333037204694529798e+00 5.058891223103138657e+00 0.000000000000000000e+00
1.320732906388812911e+00 3.583058793823505450e+00 0.000000000000000000e+00
-7.947777173917709437e-01 1.173920050112694291e+00 0.000000000000000000e+00
-1.761049678002899244e+00 -3.936081870490187651e+00 0.000000000000000000e+00
2.592002443099159059e+00 2.421004839531673447e+00 0.000000000000000000e+00
-2.406812487501962305e+00 6.570789544803692372e-01 0.000000000000000000e+00
-9.258357431107064883e-01 4.772260917528651447e+00 0.000000000000000000e+00
2.676346083074710780e+00 6.285567104759915757e+00 0.000000000000000000e+00
1.141025031902061837e+00 -2.038751160495974712e+00 1.000000000000000000e+00
5.809724174209857095e-01 2.432526262485893653e+00 0.000000000000000000e+00
7.549289454070131633e-01 -4.673480491180570517e+00 0.000000000000000000e+00
1.723678027188354278e+00 -1.157262729484382469e+00 1.000000000000000000e+00
-3.740894897149981552e-02 -4.594749556194170026e+00 0.000000000000000000e+00
5.852775112048935746e+00 -9.713565810516747862e-03 1.000000000000000000e+00
4.389922124305333462e+00 -7.348167707034082285e-01 1.000000000000000000e+00
1.093587607872185119e+00 2.289206509132727163e+00 0.000000000000000000e+00
5.001904585597570119e+00 -3.762870898529699359e-02 1.000000000000000000e+00
-1.294872265784999588e+00 4.452297268641578043e+00 0.000000000000000000e+00
2.189201490969571395e+00 6.942056055180212404e-02 1.000000000000000000e+00
3.139543178165900450e+00 2.708688026722833264e+00 0.000000000000000000e+00
3.670838912771225537e+00 1.400552266103785692e+00 1.000000000000000000e+00
-4.773066048737511835e+00 1.119669928369883272e-02 1.000000000000000000e+00
4.028730412615659340e+00 -9.898237527008360015e-01 1.000000000000000000e+00
-3.216003505868105794e-01 -2.095926232336628559e+00 0.000000000000000000e+00
5.317366384320314499e-01 1.441261163574603543e+00 0.000000000000000000e+00
8.657746753816148999e-01 4.756615611389261034e+00 0.000000000000000000e+00
-1.527706418615404349e+00 -4.905042641490804378e+00 0.000000000000000000e+00
3.749628613716659231e+00 -3.510247699706463109e+00 1.000000000000000000e+00
3.485896987398239499e+00 -5.603986476370935721e-01 1.000000000000000000e+00
5.175429743579252673e+00 -4.987392423777515793e-01 1.000000000000000000e+00
9.861564536972998729e-01 6.882486352691960185e+00 0.000000000000000000e+00
2.408919399533629324e+00 -6.042479074162721009e-01 1.000000000000000000e+00
8.281047136674027920e-01 -4.330548201712272949e+00 0.000000000000000000e+00
-3.182221675959534757e+00 -3.680603034380919847e-01 1.000000000000000000e+00
-9.685031571062944211e-01 -3.207645331398953470e+00 0.000000000000000000e+00
-3.064305608316610363e-01 -3.488562604648457022e+00 0.000000000000000000e+00
-1.039335563348974922e+00 -3.573985701037155405e+00 0.000000000000000000e+00
1.818898456902244831e+00 5.873924538681323249e-01 1.000000000000000000e+00
5.315723613679844917e+00 -3.928749250699725137e-01 1.000000000000000000e+00
4.668796261982981477e-01 2.950542333847556264e+00 0.000000000000000000e+00
2.985712018194665696e+00 2.669295438771810414e+00 1.000000000000000000e+00
-1.300168370172010424e-01 -5.480899346342182454e+00 0.000000000000000000e+00
5.869785045910123955e+00 1.392447834297148246e+00 1.000000000000000000e+00
-1.389410891366657852e+00 1.312914724020451285e+00 0.000000000000000000e+00
-3.577939139048845529e+00 8.814399713721363661e-01 1.000000000000000000e+00
-2.224548272228580537e+00 1.394440535972435447e+00 1.000000000000000000e+00
3.409871894951449711e+00 -7.685402261992946293e-02 1.000000000000000000e+00
-2.424764292647687114e+00 3.227101305335502879e+00 0.000000000000000000e+00
-2.270997938121649129e-01 6.846176190514782434e+00 0.000000000000000000e+00
2.284427069936111998e+00 4.061316369581478014e+00 0.000000000000000000e+00
-3.136278558316901943e+00 -1.170066567533867063e+00 1.000000000000000000e+00
-3.172243888342590523e+00 -1.185401103745492346e+00 1.000000000000000000e+00
-1.274470033938652991e+00 6.429188800734740639e+00 0.000000000000000000e+00
-5.123470353096737373e-01 7.449514782143243252e+00 0.000000000000000000e+00
3.989375106005459415e-01 1.996837242672402923e-01 1.000000000000000000e+00
1.764063556086877593e+00 -3.755590974386045389e+00 0.000000000000000000e+00
-1.875464711853605637e+00 3.071615311916855884e+00 0.000000000000000000e+00
