# x1, x2, y
3.928298106947007984e-01 -3.896093822648633576e-01 1.000000000000000000e+00
-3.698294692357883551e-01 3.887767577701616295e-01 1.000000000000000000e+00
-7.020065843871341540e-03 -4.892230804278364653e-01 1.000000000000000000e+00
-3.132535021100886774e-01 -3.289365560408542000e-01 1.000000000000000000e+00
-1.835920945107314961e-01 -4.909102032167357299e-01 1.000000000000000000e+00
-9.725582100137799557e-01 3.546024414936375102e-01 0.000000000000000000e+00
-1.817078759163517562e-02 -1.082846369299317990e+00 0.000000000000000000e+00
-4.759410094282696124e-01 -9.442819097297301401e-01 0.000000000000000000e+00
4.255647389347936294e-01 3.527186371717178082e-01 1.000000000000000000e+00
-8.035591986870703751e-01 7.877775530574008256e-01 0.000000000000000000e+00
-5.801920490760120730e-01 -1.204698232695040894e-01 1.000000000000000000e+00
9.684968207714239607e-01 -4.845051297421203995e-01 0.000000000000000000e+00
-9.486451360536579669e-01 -3.548846563073222993e-01 0.000000000000000000e+00
-3.576417869431879337e-01 9.989991326176853592e-01 0.000000000000000000e+00
7.270538333855000035e-01 6.676253941275093196e-01 0.000000000000000000e+00
7.582393790360006380e-02 4.819312591081623132e-01 1.000000000000000000e+00
-4.696283373728126764e-01 -2.496764664564390945e-02 1.000000000000000000e+00
6.198619764843710939e-02 1.001274639333732841e+00 0.000000000000000000e+00
5.290201725342617012e-01 1.618951017721900476e-01 1.000000000000000000e+00
-3.870929031345812787e-02 4.613218151934139200e-01 1.000000000000000000e+00
4.078246161444845086e-01 -9.835364918168751913e-01 0.000000000000000000e+00
3.508642587518950862e-01 9.216833281344392059e-01 0.000000000000000000e+00
4.426986623221891293e-01 -2.392241920903251107e-01 1.000000000000000000e+00
-9.400833010975547799e-01 -4.974870748728191933e-02 0.000000000000000000e+00
-5.502805954121043897e-01 2.012975479997196615e-01 1.000000000000000000e+00
6.498663860681604953e-01 -7.727107279974746445e-01 0.000000000000000000e+00
9.198404475208427078e-01 4.011061028869668255e-02 0.000000000000000000e+00
-2.318702720956964392e-01 3.858763820174182513e-01 1.000000000000000000e+00
1.952046003496942794e-01 -5.137281284040855489e-01 1.000000000000000000e+00
1.003612192979661311e+00 3.748324975266256187e-01 0.000000000000000000e+00
-8.277013955166205861e-01 -7.318405061745887341e-01 0.000000000000000000e+00
5.322487065329808420e-01 -1.335069563461520684e-02 1.000000000000000000e+00
