# x1, x2, y
2.136575171806851081e+00 6.595805752283226964e-01 0.000000000000000000e+00
3.613569768385379355e+00 3.455736322263496696e+00 0.000000000000000000e+00
3.292253517993455336e+00 -4.600115952153783994e+00 0.000000000000000000e+00
3.946184735073619887e+00 -6.539312170801645507e-01 0.000000000000000000e+00
2.469190138495091169e+00 -3.450086964115338439e+00 0.000000000000000000e+00
3.619219126533537612e+00 -2.627023584616974716e+00 0.000000000000000000e+00
2.305707334225050253e+00 -4.436633147883743078e+00 0.000000000000000000e+00
4.109667539343661247e+00 3.326149666882404210e-01 0.000000000000000000e+00
-4.436633147883743078e+00 -2.305707334225050253e+00 1.000000000000000000e+00
-1.319161150456645393e+00 4.273150343613702162e+00 1.000000000000000000e+00
-4.109667539343661247e+00 -3.326149666882404210e-01 1.000000000000000000e+00
-3.455736322263496696e+00 3.613569768385379355e+00 1.000000000000000000e+00
-2.136575171806851081e+00 -6.595805752283226964e-01 1.000000000000000000e+00
-3.286604159845297080e+00 -1.482643954726686530e+00 1.000000000000000000e+00
-4.273150343613702162e+00 -1.319161150456645393e+00 1.000000000000000000e+00
-2.305707334225050253e+00 4.436633147883743078e+00 1.000000000000000000e+00
