# x1, x2, y
3.594540161824164137e+00 1.148389208192160948e+00 1.000000000000000000e+00
-3.343818740178702509e+00 5.793519911677070811e-01 1.000000000000000000e+00
-4.075414329567398575e+00 -2.231032067922447570e+00 1.000000000000000000e+00
-4.073308857607981892e+00 1.841236457704046314e+00 1.000000000000000000e+00
2.679806546569795334e+00 5.267832363092505021e-01 1.000000000000000000e+00
3.526613351195059920e+00 3.648586322890609024e-01 1.000000000000000000e+00
5.711445630903806858e+00 6.776952502114963472e-01 1.000000000000000000e+00
6.675454146793459387e+00 1.912186104936746123e+00 1.000000000000000000e+00
5.479926749636467864e-01 5.650861948749902552e+00 0.000000000000000000e+00
-9.119231043307037821e-01 3.588666448928838015e+00 0.000000000000000000e+00
2.865494457087189417e+00 5.470980590141338862e-01 1.000000000000000000e+00
6.746235258456656503e+00 -2.600421914560849257e-01 1.000000000000000000e+00
-3.049028395182096673e+00 -5.173314470412022636e-01 1.000000000000000000e+00
1.531417072131092461e+00 5.663058195730674704e+00 0.000000000000000000e+00
2.526403183574662314e+00 4.631363412610961738e+00 0.000000000000000000e+00
3.641830609501373606e-01 2.874681905817617178e+00 0.000000000000000000e+00
-6.925101638697025441e-01 4.481727766753651032e+00 0.000000000000000000e+00
8.888162944700168655e-01 -5.096870647774869312e+00 0.000000000000000000e+00
-4.493489117037469116e-01 -2.257626026189163859e+00 0.000000000000000000e+00
4.406055016977879490e-01 2.705557513676539294e+00 0.000000000000000000e+00
-4.407289964204651689e+00 3.513645477426548536e-01 1.000000000000000000e+00
-1.245507375835914976e+00 -2.568656983710549735e+00 0.000000000000000000e+00
5.043606956774032035e+00 1.773154094697551475e+00 1.000000000000000000e+00
5.560269925362350207e+00 1.098799785567877052e+00 1.000000000000000000e+00
2.160486160548241941e+00 2.996690186806346023e+00 0.000000000000000000e+00
3.819213473519450286e+00 -8.322170717102053139e-01 1.000000000000000000e+00
-6.022516622645912587e-01 -3.552749640960298549e+00 0.000000000000000000e+00
1.234866706884385046e+00 3.568051778384200734e+00 0.000000000000000000e+00
1.711164606349020900e+00 4.994232653782078479e+00 0.000000000000000000e+00
5.421446126829926548e+00 -3.384176644344782936e-01 1.000000000000000000e+00
1.293446094404231417e+00 2.167074876265591699e-01 1.000000000000000000e+00
-5.237522816823297234e+00 -7.771147071482168434e-01 1.000000000000000000e+00
-5.342490442279407281e-01 5.237637539102507844e+00 0.000000000000000000e+00
2.125008097969515397e+00 1.397396295339836947e-01 1.000000000000000000e+00
-4.339321497851046594e+00 2.360744886142130128e-01 1.000000000000000000e+00
-9.814706798507266683e-01 4.199841264442421007e-01 0.000000000000000000e+00
-4.164240149446715167e-01 4.860795678980710299e+00 0.000000000000000000e+00
2.217208779834073606e+00 2.911235911677562349e+00 0.000000000000000000e+00
3.634104456312836184e+00 7.001767939668188667e-01 1.000000000000000000e+00
-4.047172147451028046e+00 -7.201237410022064134e-02 1.000000000000000000e+00
5.159045523808416966e+00 2.186163580365620973e-01 1.000000000000000000e+00
4.287876848234283500e+00 5.851561377422577204e-01 1.000000000000000000e+00
-3.998704060553591733e-01 1.298550585494867349e+00 0.000000000000000000e+00
-1.923624640299099672e-02 4.621354783568354385e+00 0.000000000000000000e+00
-2.339288076151314844e+00 -3.355344214738153474e-01 1.000000000000000000e+00
5.315860192834084508e+00 -2.677050113549159227e-01 1.000000000000000000e+00
8.914585181362286725e-01 2.338247745997346971e+00 0.000000000000000000e+00
4.318988688862313019e+00 -2.419674782811814140e+00 1.000000000000000000e+00
1.449643399900930607e+00 -3.422486381357160989e-01 1.000000000000000000e+00
1.832730113631627633e+00 2.099327852177776954e+00 1.000000000000000000e+00
-3.937783750895983204e+00 2.047351271832419606e+00 1.000000000000000000e+00
-4.604444645288016780e+00 1.617706759901049507e+00 1.000000000000000000e+00
-4.615022382834812475e+00 4.320775067052158303e-01 1.000000000000000000e+00
-3.200556582883080203e+00 -7.100175685784837487e-01 1.000000000000000000e+00
2.056919052366604106e+00 -1.735103475447818067e+00 1.000000000000000000e+00
-2.953020625089332274e+00 -1.477284460582347858e+00 1.000000000000000000e+00
2.582429216986249498e-01 3.588919979669531024e+00 0.000000000000000000e+00
3.791655312118523469e+00 2.978317402760302102e-01 1.000000000000000000e+00
2.488466695992768596e+00 4.356966957816671204e+00 0.000000000000000000e+00
3.561002939356499475e+00 -1.305003226589472209e+00 1.000000000000000000e+00
5.307518411181535001e+00 1.491302630211192248e+00 1.000000000000000000e+00
6.988826087539532494e+00 -1.301547547788631798e+00 1.000000000000000000e+00
-3.339478070936344967e+00 3.574432787818015034e-03 1.000000000000000000e+00
6.087522780446090742e+00 -1.340289619345306660e+00 1.000000000000000000e+00
3.094116104198584960e+00 2.644206745609429809e+00 0.000000000000000000e+00
-1.954302936587150041e-01 3.817752268240220292e+00 0.000000000000000000e+00
5.398180337864257439e+00 -2.935050134906003638e+00 1.000000000000000000e+00
5.375212578960175236e+00 -2.764382862730602408e+00 1.000000000000000000e+00
4.661213285215956570e-01 -5.006660561276512489e+00 0.000000000000000000e+00
2.307622836199538785e+00 -2.156749966009863684e+00 1.000000000000000000e+00
-1.794236318215870707e+00 3.231235418093032052e+00 0.000000000000000000e+00
4.833754635705733271e+00 1.974729661614509357e+00 1.000000000000000000e+00
-2.113829463688953858e+00 5.095603899582417995e+00 0.000000000000000000e+00
1.131681575396597417e+00 -9.820371606559338273e-01 1.000000000000000000e+00
-4.603221719525412148e+00 -1.004760363337434903e+00 1.000000000000000000e+00
2.561557507643267284e-01 2.347846018349136088e+00 0.000000000000000000e+00
-2.205100025601696156e+00 2.812574746681383964e+00 0.000000000000000000e+00
1.253553925424232940e+00 3.503526254031710252e-01 0.000000000000000000e+00
-3.247004533634862966e+00 4.720350660316825042e+00 0.000000000000000000e+00
-1.327310287958205492e+00 9.394448858316639672e-02 0.000000000000000000e+00
-1.047211300390139321e+00 2.955557142729384967e+00 0.000000000000000000e+00
5.414059319466666409e-01 -4.267264612600889961e+00 0.000000000000000000e+00
3.085094670730398558e+00 2.580698517817258675e-01 1.000000000000000000e+00
6.379342706212764114e+00 -4.824211554206517816e-01 1.000000000000000000e+00
-2.493275208086605854e+00 1.001573466174955129e+00 1.000000000000000000e+00
2.613048322497259157e+00 2.596704612434019843e+00 0.000000000000000000e+00
3.383082501894947747e+00 1.307281391216389865e+00 1.000000000000000000e+00
-1.780140830471501845e+00 -2.209193761910137610e+00 0.000000000000000000e+00
-5.074740990047100553e+00 -4.057949599622828751e-01 1.000000000000000000e+00
3.089777185916687818e-01 2.932813827848223642e+00 0.000000000000000000e+00
-1.476256495391349066e+00 3.424688314805151901e+00 0.000000000000000000e+00
3.961737817049564292e+00 9.420125252919580028e-01 1.000000000000000000e+00
3.102143961688214269e+00 -3.481254006090736541e-01 1.000000000000000000e+00
2.586402216620765415e+00 3.107038888976345614e-01 1.000000000000000000e+00
6.392837381760774207e-01 4.766108577546107838e+00 0.000000000000000000e+00
-1.205379417091650085e+00 1.705306396910178268e+00 0.000000000000000000e+00
1.824587265051072160e+00 3.571331978510178473e+00 0.000000000000000000e+00
-4.636293307240236805e-01 9.071757275685383703e-01 0.000000000000000000e+00
-5.607411734546843274e-01 4.942599915488977480e+00 0.000000000000000000e+00
6.183346654488048877e+00 -9.311210191146428450e-01 1.000000000000000000e+00
1.492443237608659601e+00 4.413142400253677877e+00 0.000000000000000000e+00
8.455489089152826154e-02 4.445175918341059074e+00 0.000000000000000000e+00
-4.914480229532169897e-02 -4.713245378693789789e+00 0.000000000000000000e+00
2.386720898339965480e+00 3.717181352774383107e+00 0.000000000000000000e+00
-5.892103911064571209e-01 5.200199985845509687e+00 0.000000000000000000e+00
-5.353678371999270880e+00 -3.426645769303120481e-01 1.000000000000000000e+00
4.007702192538008523e-01 -2.901202186419567397e+00 0.000000000000000000e+00
-2.600914596835549819e+00 -1.043529213259065225e+00 1.000000000000000000e+00
5.192710260073660322e+00 -3.636961566181201033e-01 1.000000000000000000e+00
4.451765269801307712e-01 3.145316701185570274e+00 0.000000000000000000e+00
-1.579231178089677834e-01 4.949985507347378189e+00 0.000000000000000000e+00
-1.777905504762476330e+00 3.536753783093354642e+00 0.000000000000000000e+00
2.966654957098247891e+00 -2.014103785192560281e+00 1.000000000000000000e+00
5.464566462221107090e-02 5.070340254669616797e+00 0.000000000000000000e+00
3.920581761117057251e+00 -7.371264717596942573e-01 1.000000000000000000e+00
-5.557222274784352045e+00 -4.595993968850062283e-03 1.000000000000000000e+00
-2.272646443807415650e-01 2.943205207463850837e+00 0.000000000000000000e+00
3.987895892732038039e+00 5.478085487861403813e-01 1.000000000000000000e+00
3.246893910675728634e+00 -7.769328296397690625e-01 1.000000000000000000e+00
-4.746692578297930787e+00 8.115835826501075490e-01 1.000000000000000000e+00
-2.029401349566041790e-01 -3.611531366472598314e+00 0.000000000000000000e+00
-3.610394343778262183e+00 -9.437298204773062471e-01 1.000000000000000000e+00
-4.741076902142364879e+00 -1.008210038175675338e+00 1.000000000000000000e+00
-3.920034454445411320e-01 2.996815257928993503e+00 0.000000000000000000e+00
4.217002300444465668e+00 1.427039084688991988e+00 1.000000000000000000e+00
-4.498436803389154193e-01 -2.835367444750416688e+00 0.000000000000000000e+00
-7.254666715636899355e-01 4.767562610759055630e+00 0.000000000000000000e+00
4.776057615751259089e-01 -1.223121151734709144e+00 0.000000000000000000e+00
-4.338460974865419040e+00 1.414054311076041959e+00 1.000000000000000000e+00
9.754979507795140670e-01 -6.018193450520183951e+00 0.000000000000000000e+00
2.482904394885032673e+00 1.040313507904417012e+00 1.000000000000000000e+00
3.258069361955767462e+00 5.507506451303868289e+00 0.000000000000000000e+00
3.324058759734005442e+00 4.350176305362039031e-01 1.000000000000000000e+00
-3.209135603199319675e+00 -1.636376828657578608e+00 1.000000000000000000e+00
5.837079899063409627e+00 1.081795447849562830e+00 1.000000000000000000e+00
-4.300244107873873456e-01 -3.357635307960900928e+00 0.000000000000000000e+00
2.288338963150958971e+00 -6.192742992567910054e-01 1.000000000000000000e+00
-4.064346714225692825e-01 -4.180612395524715197e+00 0.000000000000000000e+00
4.427842972389151477e+00 1.266422411599311904e+00 1.000000000000000000e+00
2.713079971850068883e+00 7.000706969954360037e-01 1.000000000000000000e+00
5.062019653336978564e+00 -5.044844703907859218e-01 1.000000000000000000e+00
3.053509186917297002e-01 3.485299577168928131e+00 0.000000000000000000e+00
-5.244146505088234989e+00 2.994609277907374079e-01 1.000000000000000000e+00
-1.128870562820309731e+00 5.490525336479022300e+00 0.000000000000000000e+00
5.655653900115005683e+00 6.096103683274466389e-01 1.000000000000000000e+00
2.350156437236794460e+00 2.172480873309680760e+00 0.000000000000000000e+00
2.568331752601543894e+00 3.531505678040331997e+00 1.000000000000000000e+00
-7.040116747454346902e-01 2.234610257817800427e+00 0.000000000000000000e+00
-4.031051318416502660e+00 5.884527640001617488e-02 1.000000000000000000e+00
-3.492224019740462482e-01 1.432228510493756435e+00 0.000000000000000000e+00
-3.809693815572405828e+00 1.190932046873954597e+00 1.000000000000000000e+00
-2.583733575838784269e+00 6.832495892385791469e-01 1.000000000000000000e+00
5.152443138576940029e+00 -1.725927169391499705e+00 1.000000000000000000e+00
8.002463541784066159e-01 1.829049568121655645e+00 0.000000000000000000e+00
-5.111167518609593508e+00 2.966291949178319065e+00 1.000000000000000000e+00
3.507050799001389385e-01 -3.390471974840471692e+00 0.000000000000000000e+00
-7.337385529229605297e-01 -2.606867313749122061e+00 0.000000000000000000e+00
-9.814880804920521618e-01 5.014298075648722985e+00 0.000000000000000000e+00
6.712562506901620374e-01 -5.558819773016901777e+00 0.000000000000000000e+00
2.409644044713298072e+00 -1.337748893260115590e+00 1.000000000000000000e+00
-3.296356957745635974e+00 -1.043972140354596734e+00 1.000000000000000000e+00
6.710542810135833314e+00 7.774791654257154905e-01 1.000000000000000000e+00
4.950448164207511548e-01 3.704781246651492665e+00 0.000000000000000000e+00
3.071908488290851391e+00 -1.405358600043581152e+00 1.000000000000000000e+00
7.107182210895992558e-01 2.388861909533821049e+00 0.000000000000000000e+00
-4.146586896091035257e+00 4.937334009916107269e-01 1.000000000000000000e+00
-7.848006786851255967e-01 -1.223654859007879736e+00 0.000000000000000000e+00
3.044876096724179249e+00 -1.950238386736388385e+00 1.000000000000000000e+00
2.860404416103687342e-01 -4.311315357484811983e+00 0.000000000000000000e+00
-2.880298556252238185e-01 5.195658112360009184e+00 0.000000000000000000e+00
1.974595347741906759e-01 4.848394554939172707e+00 0.000000000000000000e+00
2.028231848663388237e-01 2.672634256608497516e+00 0.000000000000000000e+00
3.427198518684768658e+00 4.433119893588290950e-01 1.000000000000000000e+00
-4.643112512527649560e-01 5.621751967567506725e+00 0.000000000000000000e+00
-1.998974770251293054e-01 -4.151194502402306696e+00 0.000000000000000000e+00
5.187475343300795849e-01 -4.874251031892328001e+00 0.000000000000000000e+00
4.597981199838796051e+00 -6.227395826058475248e-02 1.000000000000000000e+00
-4.222871893999503162e-02 4.207831930956756672e+00 0.000000000000000000e+00
-1.401639092396955055e+00 -4.833608086249371993e+00 0.000000000000000000e+00
-4.978210496680397057e+00 -1.309708732155223210e+00 1.000000000000000000e+00
5.466846855726324783e+00 -2.267801962919253622e+00 1.000000000000000000e+00
-2.929350220736267829e+00 -6.767560290527708800e-01 1.000000000000000000e+00
3.019433725841209615e+00 5.413954039182018896e+00 0.000000000000000000e+00
5.244704196945221497e+00 1.917693875834492800e+00 1.000000000000000000e+00
-1.419631755101361081e+00 -4.105093556462811932e+00 0.000000000000000000e+00
2.419954495420989227e-01 4.997119954905386408e+00 0.000000000000000000e+00
3.922789363203751822e+00 1.210198359999908213e+00 1.000000000000000000e+00
-3.463021208638788817e+00 -2.824701038179443513e-01 1.000000000000000000e+00
4.681346136872940988e+00 3.430092745702460810e+00 1.000000000000000000e+00
5.505370594303967025e+00 -7.228218925666729522e-01 1.000000000000000000e+00
-6.747145616139847979e-01 -4.085475053850816884e+00 0.000000000000000000e+00
-5.784341861929249706e-01 5.347475967851504919e+00 0.000000000000000000e+00
3.842429878319132186e+00 6.612283321204248145e-03 1.000000000000000000e+00
3.788218585718993392e+00 3.069881311388370726e+00 1.000000000000000000e+00
6.052888232978268945e+00 1.071211048267056931e+00 1.000000000000000000e+00
2.770939058875313776e+00 -2.349806692968172683e+00 1.000000000000000000e+00
3.863427193079809197e+00 1.870306026358390522e-02 1.000000000000000000e+00
3.175870242201665750e-02 -2.348728537542655204e+00 0.000000000000000000e+00
5.330511293022212049e-01 -3.353410268005380335e+00 0.000000000000000000e+00
-2.782944583350053236e+00 -1.000527584660824809e+00 1.000000000000000000e+00
-2.114098094158557151e-01 -3.022969385229160366e+00 0.000000000000000000e+00
1.918508834206213098e+00 4.878690610137966566e+00 0.000000000000000000e+00
7.602223402007379782e+00 1.035483205657939720e+00 1.000000000000000000e+00
2.205432293143780864e+00 2.312815508271130138e+00 1.000000000000000000e+00
4.360931040077380416e-01 5.950522629668444807e+00 0.000000000000000000e+00
5.446265650931256808e+00 1.739556958931033570e+00 1.000000000000000000e+00
-6.960367343803836038e-01 4.944454094464914462e+00 0.000000000000000000e+00
-4.597404297716794375e+00 1.861567851716129596e+00 1.000000000000000000e+00
-1.418965178151561091e+00 7.163993700023995714e+00 0.000000000000000000e+00
4.372371694966932232e+00 1.946813344100745136e-01 1.000000000000000000e+00
-2.634674177207982027e+00 -2.176267920934682909e+00 1.000000000000000000e+00
-2.990275861199550023e-01 -4.210469731221450296e+00 0.000000000000000000e+00
-3.953973385185587386e-01 4.112837511749949826e+00 0.000000000000000000e+00
-4.486871424234739614e+00 3.945128745894946332e-01 1.000000000000000000e+00
-3.450069769588894442e+00 1.402715561272266598e+00 1.000000000000000000e+00
7.561514722041263070e+00 -5.232424047511099019e+00 1.000000000000000000e+00
1.111891908289946995e+00 -3.427398332013749549e+00 0.000000000000000000e+00
-4.726584064900009707e+00 1.272624539456987502e+00 1.000000000000000000e+00
5.364520862156912928e-01 -3.478265813313856647e+00 0.000000000000000000e+00
-1.167444396039134968e+00 3.328827773065788698e+00 0.000000000000000000e+00
-1.403020545828715715e+00 -4.650787453475187405e+00 0.000000000000000000e+00
3.188707407145500300e-02 -4.051605389746480768e+00 0.000000000000000000e+00
2.166643118931960432e-01 -3.479755790566944729e+00 0.000000000000000000e+00
-3.851948038404093277e-01 -4.256123415544400324e+00 0.000000000000000000e+00
-1.026186207550463664e-01 2.292656620589094807e+00 0.000000000000000000e+00
-1.394608648720852689e-02 -4.644927856516496867e+00 0.000000000000000000e+00
3.032027033459657517e+00 2.405110036079955993e-01 1.000000000000000000e+00
2.927504757290662063e+00 3.487434768125355244e+00 0.000000000000000000e+00
1.836826565676502376e+00 -2.616409816977211644e+00 1.000000000000000000e+00
5.320591670547527130e+00 4.194878180700515324e-01 1.000000000000000000e+00
5.674927028310515098e+00 9.973643916633969653e-01 1.000000000000000000e+00
-1.447840220270890432e+00 5.141342920043442177e+00 0.000000000000000000e+00
9.526256963353603169e-01 -4.253733196837631070e+00 0.000000000000000000e+00
2.159194098249292093e+00 7.836527453791897191e-02 1.000000000000000000e+00
-4.735355019956358547e+00 -1.288817308238106307e-01 1.000000000000000000e+00
-3.610244112488212753e+00 6.894954169403735289e-01 1.000000000000000000e+00
4.204014083693264681e+00 3.943010702779596865e-01 1.000000000000000000e+00
3.653756448269326107e+00 -2.314893330711353059e+00 1.000000000000000000e+00
-4.378786543611777327e-01 -3.741388818405873007e+00 0.000000000000000000e+00
-1.608880350146435045e+00 3.065419431792046456e+00 0.000000000000000000e+00
